 253,20 31_3 _ BRANCO 00078985437113802114  0,24  30,28  80,10  12,80  27,90  7,00 21_1 1  0,85  128,00  82,60  3,58  5,60  2,00  2.377,00
 243,20 31_3 _ BRANCO 00078985437113802145  0,27  31,34  80,30  10,30  27,00  7,00 21_1 1  0,85  128,00  82,00  3,58  5,70  2,00  2.391,00
 243,20 31_3 _ BRANCO 00078985437113802152  0,19  31,23  81,60  10,40  27,50  7,00 21_2 1  0,85  134,00  82,30  3,70  5,70  2,00  2.412,00
 236,20 31_3 _ BRANCO 00078985437113802183  0,29  31,01  80,10  11,70  27,30  7,00 21_1 1  0,85  127,00  81,60  3,60  5,80  3,00  2.372,00
 246,20 31_3 _ BRANCO 00078985437113802237  0,26  31,14  80,10  10,50  27,70  7,00 21_1 1  0,84  128,00  81,80  3,65  6,50  2,00  2.380,00
 245,20 31_3 _ BRANCO 00078985437113802244  0,38  30,86  80,00  11,30  27,80  7,00 21_2 1  0,84  127,00  81,10  3,61  6,60  3,00  2.361,00
 249,20 31_3 _ BRANCO 00078985437113802251  0,41  31,11  80,20  11,70  27,60  7,00 21_1 1  0,84  128,00  81,70  3,63  6,50  3,00  2.375,00
 254,20 31_3 _ BRANCO 00078985437113802268  0,34  31,21  81,80  11,00  27,10  7,00 31_1 1  0,84  134,00  81,50  3,62  6,50  3,00  2.402,00
 253,20 31_3 _ BRANCO 00078985437113802275  0,37  31,46  80,60  10,60  27,10  7,00 21_2 1  0,84  128,00  81,70  3,74  6,70  3,00  2.384,00
 248,20 31_3 _ BRANCO 00078985437113802305  0,34  31,41  80,10  10,40  27,90  7,00 21_2 1  0,85  127,00  81,90  3,86  6,60  3,00  2.381,00
 208,20 31_3 _ BRANCO 00078985437113802312  0,42  30,53  80,40  12,90  27,30  7,00 31_1 1  0,85  124,00  81,30  3,85  6,70  3,00  2.346,00
 237,20 31_3 _ BRANCO 00078985437113802336  0,39  31,78  80,90  9,30  27,20  7,00 21_2 1  0,85  130,00  81,40  3,77  6,60  3,00  2.387,00
 232,20 31_3 _ BRANCO 00078985437113802350  0,37  31,36  80,00  11,10  27,70  7,00 21_2 1  0,85  126,00  81,80  3,86  6,70  3,00  2.366,00
 238,20 31_3 _ BRANCO 00078985437113802367  0,22  30,53  80,40  10,60  27,20  7,00 21_2 1  0,85  125,00  82,10  3,84  6,70  2,00  2.352,00
 247,20 31_3 _ BRANCO 00078985437113802374  0,33  31,13  80,10  11,60  27,10  7,00 21_2 1  0,85  124,00  82,20  3,87  6,60  3,00  2.360,00
 252,20 31_3 _ BRANCO 00078985437113802428  0,32  30,99  80,60  10,50  27,80  7,00 21_2 1  0,85  128,00  81,50  3,83  6,40  3,00  2.359,00
 256,20 31_3 _ BRANCO 00078985437113802435  0,23  30,72  80,70  12,40  27,50  7,00 21_2 1  0,85  128,00  81,80  3,75  6,50  2,00  2.372,00
 237,20 31_3 _ BRANCO 00078985437113802442  0,31  30,88  80,40  12,70  27,90  7,00 21_2 1  0,85  128,00  82,00  3,81  6,50  3,00  2.366,00
 255,20 31_3 _ BRANCO 00078985437113802473  0,32  30,65  80,50  11,40  27,40  7,00 21_2 1  0,85  126,00  81,80  3,79  6,60  3,00  2.354,00
 258,20 31_3 _ BRANCO 00078985437113802480  0,29  31,18  80,20  10,60  27,40  7,00 31_1 1  0,85  125,00  81,50  3,89  6,60  3,00  2.356,00
 248,20 31_3 _ BRANCO 00078985437113803074  0,31  30,73  80,40  11,10  27,00  7,00 21_2 1  0,86  125,00  81,70  3,76  6,50  3,00  2.362,00
 263,20 31_3 _ BRANCO 00078985437113803098  0,21  30,64  80,10  10,00  27,30  7,00 31_1 1  0,86  125,00  81,70  3,73  6,50  2,00  2.368,00
 215,20 31_3 _ BRANCO 00078985437113803111  0,26  30,52  80,00  12,50  27,00  7,00 21_2 1  0,86  124,00  81,50  3,67  6,60  2,00  2.349,00
 254,20 31_3 _ BRANCO 00078985437113803142  0,31  31,49  80,20  11,00  27,20  7,00 31_1 1  0,85  126,00  81,30  3,76  6,60  3,00  2.372,00
 252,20 31_3 _ BRANCO 00078985437113803159  0,25  30,74  80,60  11,40  27,40  7,00 21_1 1  0,86  127,00  81,80  3,79  6,50  2,00  2.361,00
 242,20 31_3 _ BRANCO 00078985437113803173  0,27  30,04  80,10  12,80  27,20  7,00 21_2 1  0,85  122,00  82,00  3,85  6,50  2,00  2.328,00
 241,20 31_3 _ BRANCO 00078985437113803180  0,22  30,02  80,00  12,90  27,00  7,00 21_2 1  0,85  121,00  81,70  3,82  6,60  2,00  2.323,00
 247,20 31_3 _ BRANCO 00078985437113803197  0,19  30,02  80,00  12,40  27,20  7,00 21_2 1  0,85  123,00  82,00  3,77  6,60  2,00  2.334,00
 245,20 31_3 _ BRANCO 00078985437113803210  0,22  30,22  80,20  12,90  27,00  7,00 21_2 1  0,85  122,00  81,80  3,84  6,30  2,00  2.332,00
 258,20 31_3 _ BRANCO 00078985437113803265  0,24  31,54  80,30  9,40  27,90  7,00 21_2 1  0,85  130,00  82,60  3,67  5,70  2,00  2.425,00
 232,20 31_3 _ BRANCO 00078985437113803272  0,26  31,16  80,50  10,50  27,40  7,00 31_1 1  0,85  128,00  82,50  3,76  5,80  2,00  2.404,00
 247,20 31_3 _ BRANCO 00078985437113803319  0,21  31,47  80,20  10,40  27,40  7,00 21_2 1  0,85  127,00  82,10  3,79  6,70  2,00  2.392,00
 243,20 31_3 _ BRANCO 00078985437113803326  0,26  31,57  80,00  10,80  27,40  7,00 21_2 1  0,85  126,00  82,80  3,81  5,70  2,00  2.407,00
 252,20 31_3 _ BRANCO 00078985437113803333  0,20  31,32  80,10  11,20  27,90  7,00 21_2 1  0,85  128,00  82,90  3,76  5,70  2,00  2.413,00
 236,20 31_3 _ BRANCO 00078985437113803340  0,22  31,62  81,60  9,20  27,90  7,00 21_2 1  0,86  134,00  82,40  3,87  5,60  2,00  2.419,00
 256,20 31_3 _ BRANCO 00078985437113803371  0,30  31,15  80,70  10,70  27,60  7,00 21_2 1  0,86  128,00  82,80  3,90  5,70  3,00  2.394,00
 252,20 31_3 _ BRANCO 00078985437113803388  0,23  31,01  80,10  11,20  27,30  7,00 21_2 1  0,86  124,00  82,20  3,93  6,60  2,00  2.362,00
 242,20 31_3 _ BRANCO 00078985437113803449  0,25  30,03  80,20  11,80  27,20  7,00 21_2 1  0,85  122,00  81,70  3,91  6,40  2,00  2.325,00
 236,20 31_3 _ BRANCO 00078985437113803456  0,29  31,24  80,40  10,10  27,10  7,00 21_2 1  0,85  127,00  82,40  3,74  6,50  3,00  2.389,00
 259,20 31_3 _ BRANCO 00078985437113803487  0,39  30,51  80,40  11,00  27,00  7,00 31_1 1  0,85  125,00  81,40  3,73  6,60  3,00  2.347,00
 255,20 31_3 _ BRANCO 00078985437113803494  0,23  30,40  80,00  12,50  27,20  7,00 21_2 1  0,85  122,00  80,70  3,78  6,60  2,00  2.324,00
 258,20 31_3 _ BRANCO 00078985437113803500  0,24  31,26  80,20  10,40  27,80  7,00 21_2 1  0,85  128,00  81,80  3,75  6,50  2,00  2.382,00
 244,20 31_3 _ BRANCO 00078985437113803593  0,26  30,51  80,20  12,80  27,60  7,00 21_2 1  0,85  126,00  81,10  3,64  6,70  2,00  2.350,00
 245,20 31_3 _ BRANCO 00078985437113803609  0,22  30,72  80,10  12,70  27,30  7,00 21_2 1  0,85  124,00  81,40  3,75  6,60  2,00  2.350,00
 233,20 31_3 _ BRANCO 00078985437113803616  0,29  30,90  80,30  11,10  27,10  7,00 31_1 1  0,85  125,00  81,30  3,81  6,70  3,00  2.348,00
 248,20 31_3 _ BRANCO 00078985437113803654  0,30  30,38  80,00  12,30  27,40  7,00 31_1 1  0,85  124,00  81,30  3,68  6,80  3,00  2.347,00
 246,20 31_3 _ BRANCO 00078985437113803777  0,31  31,11  80,50  10,50  27,90  7,00 31_1 1  0,85  128,00  81,50  3,86  6,60  3,00  2.368,00
 251,20 31_3 _ BRANCO 00078985437113803784  0,22  30,39  80,30  12,50  27,80  7,00 21_2 1  0,85  126,00  82,40  3,88  6,80  2,00  2.359,00
 243,20 31_3 _ BRANCO 00078985437113803838  0,17  30,60  80,30  11,90  27,80  7,00 31_1 1  0,85  126,00  81,10  3,78  6,70  1,00  2.359,00
 245,20 31_3 _ BRANCO 00078985437113803883  0,16  31,12  80,10  12,80  27,10  7,00 21_2 1  0,85  125,00  82,60  3,76  5,70  1,00  2.397,00
 243,20 31_3 _ BRANCO 00078985437113803937  0,21  30,95  80,90  11,80  27,00  7,00 21_2 1  0,85  129,00  83,00  3,77  5,80  2,00  2.403,00
 252,20 31_3 _ BRANCO 00078985437113803944  0,30  30,36  81,30  11,50  27,40  7,00 21_1 1  0,85  130,00  82,70  3,80  5,80  3,00  2.377,00
 263,20 31_3 _ BRANCO 00078985437113803968  0,21  30,93  80,10  10,70  27,70  7,00 21_1 1  0,85  127,00  82,90  3,77  5,70  2,00  2.392,00
 253,20 31_3 _ BRANCO 00078985437113803982  0,20  31,55  81,80  9,70  27,50  7,00 21_2 1  0,85  135,00  83,30  3,79  5,70  2,00  2.443,00
 244,20 31_3 _ BRANCO 00078985437122397656  0,35  30,54  80,10  10,80  27,90  7,00 31_1 2  0,85  127,00  81,00  3,59  5,90  3,00  2.359,00
 259,20 31_3 _ BRANCO 00078985437122397670  0,30  31,24  81,10  9,50  27,10  7,00 21_2 2  0,84  131,00  81,00  3,55  6,00  3,00  2.389,00
 266,20 31_3 _ BRANCO 00078985437122397724  0,33  31,05  81,60  9,70  27,50  8,00 31_1 2  0,84  133,00  78,30  3,52  6,00  3,00  2.343,00
 270,20 31_3 _ BRANCO 00078985437122397779  0,29  31,35  81,00  9,10  27,80  7,00 21_2 2  0,85  132,00  81,00  3,63  5,90  3,00  2.390,00
 250,20 31_3 _ BRANCO 00078985437122397793  0,29  31,45  80,40  10,00  27,00  7,00 31_1 2  0,84  128,00  81,30  3,52  6,10  3,00  2.395,00
 245,20 31_3 _ BRANCO 00078985437122397809  0,38  30,88  80,00  10,80  27,00  7,00 31_1 2  0,84  125,00  81,10  3,51  6,10  3,00  2.368,00
 244,20 31_3 _ BRANCO 00078985437122397816  0,38  31,90  81,10  6,90  27,10  7,00 21_2 2  0,84  133,00  81,40  3,54  6,20  3,00  2.416,00
 254,20 31_3 _ BRANCO 00078985437122397908  0,26  31,79  81,90  7,40  27,20  7,00 21_2 2  0,84  136,00  81,50  3,59  6,10  2,00  2.421,00